0 18049651735527936 4543937998094688 58
64 70506452091904 1155182105886588961 59
96 275415828992 2310918355978551332 59
128 1075975168 875991914343303170 59
160 38021120 2306973444606001154 59
192 8657588224 5068817390772352 59
224 2216338399232 612561327353757696 59
256 567382630219776 4972255609908117504 58
320 9024825867763712 9077714599417344 59
352 18049651735527424 1189241166072258592 59
384 70506452221952 72141328997486692 59
416 275449643008 2323866239266474264 59
448 9733406720 1461420286965452823 59
480 2216342585344 5190417266675548197 59
512 567382630203392 4591852682821636 59
544 1134765260406784 576461869565944832 59
576 4512412933816832 18014434752791120 59
608 9024825867633664 288797741466256664 59
640 18049651768822272 4504252634382600 57
768 70515108615168 283708427927680 57
896 2491752130560 2287035759468549 57
1024 567383701868544 1134704599894016 57
1152 1134765256220672 281483583496448 59
1184 2269530512441344 76851473333485952 59
1216 2256206450263040 649664179259576356 59
1248 4512412900526080 4613973019879293060 59
1280 9024834391117824 19144696497972224 57
1408 18051867805491712 5189281466797920258 55
1920 637888545440768 7206041154251407424 55
2432 1135039602493440 289357375590107680 57
2560 2269529440784384 299491582843945216 59
2592 4539058881568768 216249752227021312 59
2624 1128098963916800 1130435594035200 59
2656 2256197927833600 9587827298861377 59
2688 4514594912477184 73188184050630705 57
2816 9592139778506752 2323861822952178193 55
3328 19184279556981248 2254016021008400 55
3840 2339762086609920 2310347778147614784 57
3968 4538784537380864 4504703439872128 59
4000 9077569074761728 7318912035464209 59
4032 562958610993152 1299853985142816768 59
4064 1125917221986304 4611976574073311232 59
4096 2814792987328512 721141097963340288 57
4224 5629586008178688 4611686156268994816 57
4352 11259172008099840 8800455098436 57
4480 22518341868716544 1154048057449398339 57
4608 9007336962655232 1154048538552828178 59
4640 18014673925310464 1171218619355366920 59
4672 2216338399232 289357110625435968 59
4704 4432676798464 579293395073105922 59
4736 11064376819712 2454465112650809346 59
4768 22137335185408 433483150879365920 59
4800 44272556441600 4614219569442127874 59
4832 87995357200384 581069919039389920 59
4864 35253226045952 1445743484402163712 59
4896 70506452091904 41188289725612032 59
4928 567382630219776 285874116104232 58
4992 1134765260406784 19792316747793 59
5024 2832480465846272 2258401245873152 59
5056 5667157807464448 2305917793218464257 59
5088 11333774449049600 18014948533862932 59
5120 22526811443298304 288230720295928513 59
5152 9024825867763712 35743860851712 59
5184 18049651735527936 4525625427902480 58
