5248 282578800148862 36029071906791552 52
9344 565157600297596 1171006272128950272 53
11392 1130315200595066 5224210760980236672 53
13440 2260630401190006 5944760304490513538 53
15488 4521260802379886 144119594712829984 53
17536 9042521604759646 2377909403639743488 53
19584 18085043209519166 4791830553294799360 53
21632 36170086419038334 72068881841259264 52
25728 282578800180736 11540615787446336 53
27776 565157600328704 4972888783367180292 54
28800 1130315200625152 146648600321998872 54
29824 2260630401218048 1238771415721713920 54
30848 4521260802403840 2533309151315200 54
31872 9042521604775424 75998346866720784 54
32896 18085043209518592 11540491258560768 54
33920 36170086419037696 2306406015031313042 53
35968 282578808340736 36037867991993408 53
38016 565157608292864 4503875579027458 54
39040 1130315208328192 144399962124337172 54
40064 2260630408398848 576480543684821024 54
41088 4521260808540160 83599167728914948 54
42112 9042521608822784 6992120996115513346 54
43136 18085043209388032 671037448284930052 54
44160 36170086418907136 36092568706286212 53
46208 282580897300736 36029076194001024 53
48256 565159647117824 35194036814144 54
49280 1130317180306432 9007475207440384 54
50304 2260632246683648 4618451326360096768 54
51328 4521262379438080 5188710863146590212 54
52352 9042522644946944 2306124522845372418 54
53376 18085043175964672 333302673490051752 54
54400 36170086385483776 2416199350618178561 53
56448 283115671060736 18084767798919296 53
58496 565681586307584 612560055509716996 54
59520 1130822006735872 4508032035725312 54
60544 2261102847592448 433542975373447200 54
61568 4521664529305600 2306406098384458768 54
62592 9042787892731904 37717664067551360 54
63616 18085034619584512 4792392970756163595 54
64640 36170077829103616 2306124485280923778 53
66688 420017753620736 36028934462652416 53
68736 699298018886144 148618925188464640 54
69760 1260057572672512 4619039556493180948 54
70784 2381576680245248 1409642636967945 54
71808 4624614895390720 150870609142808592 54
72832 9110691325681664 4611756404620394784 54
73856 18082844186263552 2233400033296 54
74880 36167887395782656 11544873173909521 53
76928 35466950888980736 4647785184802898560 53
78976 34905104758997504 360323155636520000 54
80000 34344362452452352 2918354686224384256 54
81024 33222877839362048 4692786271137829376 54
82048 30979908613181440 111466839624122496 54
83072 26493970160820224 613615518486103041 54
84096 17522093256097792 36318516216832 54
85120 35607136465616896 576747206305120768 53
87168 9079539427579068672 4900198008069685378 52
91264 8935706818303361536 70927092088850 53
93312 8792156787827803136 18691833988161 53
95360 8505056726876686336 2310346746348177665 53
97408 7930856604974452736 576742261640135185 53
99456 6782456361169985536 5191805962616440833 53
101504 4485655873561051136 585485827231449220 53
103552 9115426935197958144 1153207390808580418 52
